# transit #, t0
0.000000000000000000e+00 1.689378300940863028e+03
1.000000000000000000e+00 1.695258566665332182e+03
2.000000000000000000e+00 1.701175887378728703e+03
3.000000000000000000e+00 1.707093710580986681e+03
4.000000000000000000e+00 1.712970644295836337e+03
5.000000000000000000e+00 1.718902318651593987e+03
7.000000000000000000e+00 1.730708331332130001e+03
9.000000000000000000e+00 1.742514493759355673e+03
1.000000000000000000e+01 1.748420924802527452e+03
1.100000000000000000e+01 1.754317937390809675e+03
1.200000000000000000e+01 1.760219039567026584e+03
1.300000000000000000e+01 1.766119625241077756e+03
1.600000000000000000e+01 1.783834270003562551e+03
2.200000000000000000e+01 1.819265788558594977e+03
2.300000000000000000e+01 1.825150316199283225e+03
2.400000000000000000e+01 1.831074580440516002e+03
2.500000000000000000e+01 1.836961226058601142e+03
2.600000000000000000e+01 1.842860232051845060e+03
2.700000000000000000e+01 1.848769825328010256e+03
2.900000000000000000e+01 1.860580647983752669e+03
3.000000000000000000e+01 1.866471491303375842e+03
