# transit #, t0
0.000000000000000000e+00 1.686569972835213775e+03
1.000000000000000000e+00 1.690874007715004836e+03
3.000000000000000000e+00 1.699490047511739249e+03
4.000000000000000000e+00 1.703804779346259011e+03
5.000000000000000000e+00 1.708106042845766524e+03
6.000000000000000000e+00 1.712407265724918489e+03
7.000000000000000000e+00 1.716717664218570690e+03
8.000000000000000000e+00 1.721023524143782424e+03
9.000000000000000000e+00 1.725334532199137811e+03
1.000000000000000000e+01 1.729637573707557749e+03
1.100000000000000000e+01 1.733968302239209379e+03
1.300000000000000000e+01 1.742561903704889801e+03
1.400000000000000000e+01 1.746858248575359767e+03
1.600000000000000000e+01 1.755483580951643717e+03
1.700000000000000000e+01 1.759785649850498430e+03
1.900000000000000000e+01 1.768394262282133695e+03
2.200000000000000000e+01 1.781330093144943248e+03
3.100000000000000000e+01 1.820104366399687024e+03
3.200000000000000000e+01 1.824388823662040522e+03
3.400000000000000000e+01 1.833012926976496146e+03
3.500000000000000000e+01 1.837335156047432065e+03
3.700000000000000000e+01 1.845936342965534095e+03
3.800000000000000000e+01 1.850240345557093406e+03
3.900000000000000000e+01 1.854566086809753415e+03
4.000000000000000000e+01 1.858867860972927247e+03
4.100000000000000000e+01 1.863160451187049830e+03
4.200000000000000000e+01 1.867478259660705362e+03
