TIC 43647325
 
SDE : 174.82238807893296 
SDE_raw : 139.18453015858634 
chi2_min : 0.055524254750269036 
chi2red_min : 1.7618916910030157e-06 
period : 3.161603256415877 
period_uncertainty : 0.0001617199442334183 
T0 : 1440.1177355108953 
duration : 0.11706789648504748 
depth : 0.9833943765076861 
depth_mean : (0.9827204111461911, 0.00011796304776300133) 
depth_mean_even : (0.982651363349577, 0.0001671869572167398) 
depth_mean_odd : (0.9827952129258561, 0.00016520630383595842) 
transit_depths : [0.98237943 0.98288657 0.9834628         nan 0.982563   0.98354863
 0.98237921 0.98260252        nan        nan        nan        nan
        nan        nan        nan        nan        nan        nan
        nan        nan        nan        nan        nan        nan
        nan        nan        nan        nan        nan        nan
        nan        nan        nan        nan        nan        nan
        nan        nan        nan        nan        nan        nan
        nan        nan        nan        nan        nan        nan
        nan        nan        nan        nan        nan        nan
        nan        nan        nan        nan        nan        nan
        nan        nan        nan        nan        nan        nan
        nan        nan        nan        nan        nan        nan
        nan        nan        nan        nan        nan        nan
        nan        nan        nan        nan        nan        nan
        nan        nan        nan        nan        nan        nan
        nan        nan        nan        nan        nan        nan
        nan        nan        nan        nan        nan        nan
        nan        nan        nan        nan        nan        nan
        nan        nan        nan        nan        nan        nan
        nan        nan        nan        nan        nan        nan
        nan        nan        nan        nan        nan        nan
        nan        nan        nan        nan        nan        nan
        nan        nan        nan        nan        nan        nan
        nan        nan        nan        nan        nan        nan
        nan        nan        nan        nan        nan        nan
        nan        nan        nan        nan        nan        nan
        nan        nan        nan        nan        nan        nan
        nan        nan        nan        nan        nan        nan
        nan        nan        nan        nan        nan        nan
        nan        nan        nan        nan        nan        nan
        nan        nan        nan        nan        nan        nan
        nan        nan        nan        nan        nan        nan
        nan        nan        nan        nan        nan        nan
        nan        nan        nan        nan        nan        nan
        nan        nan        nan        nan        nan        nan
        nan        nan        nan        nan        nan        nan
        nan        nan        nan        nan        nan        nan
        nan        nan        nan        nan        nan        nan
        nan        nan        nan        nan        nan 0.98268346
 0.98254526 0.98269897        nan 0.9829807  0.9825817  0.98212855
 0.98275704] 
transit_depths_uncertainties : [0.00023909 0.00059352 0.00022183        nan 0.00033701 0.00053948
 0.0006439  0.00030422        nan        nan        nan        nan
        nan        nan        nan        nan        nan        nan
        nan        nan        nan        nan        nan        nan
        nan        nan        nan        nan        nan        nan
        nan        nan        nan        nan        nan        nan
        nan        nan        nan        nan        nan        nan
        nan        nan        nan        nan        nan        nan
        nan        nan        nan        nan        nan        nan
        nan        nan        nan        nan        nan        nan
        nan        nan        nan        nan        nan        nan
        nan        nan        nan        nan        nan        nan
        nan        nan        nan        nan        nan        nan
        nan        nan        nan        nan        nan        nan
        nan        nan        nan        nan        nan        nan
        nan        nan        nan        nan        nan        nan
        nan        nan        nan        nan        nan        nan
        nan        nan        nan        nan        nan        nan
        nan        nan        nan        nan        nan        nan
        nan        nan        nan        nan        nan        nan
        nan        nan        nan        nan        nan        nan
        nan        nan        nan        nan        nan        nan
        nan        nan        nan        nan        nan        nan
        nan        nan        nan        nan        nan        nan
        nan        nan        nan        nan        nan        nan
        nan        nan        nan        nan        nan        nan
        nan        nan        nan        nan        nan        nan
        nan        nan        nan        nan        nan        nan
        nan        nan        nan        nan        nan        nan
        nan        nan        nan        nan        nan        nan
        nan        nan        nan        nan        nan        nan
        nan        nan        nan        nan        nan        nan
        nan        nan        nan        nan        nan        nan
        nan        nan        nan        nan        nan        nan
        nan        nan        nan        nan        nan        nan
        nan        nan        nan        nan        nan        nan
        nan        nan        nan        nan        nan        nan
        nan        nan        nan        nan        nan        nan
        nan        nan        nan        nan        nan 0.00014813
 0.00040637 0.00037442        nan 0.00018825 0.00038229 0.00049167
 0.00045597] 
rp_rs : 0.11981991344378001 
snr : 79.84622191354015 
snr_per_transit : [23.02956852 20.41796076 19.73046873  0.         20.80400688 19.62806516
 23.02985756 20.75686463  0.          0.          0.          0.
  0.          0.          0.          0.          0.          0.
  0.          0.          0.          0.          0.          0.
  0.          0.          0.          0.          0.          0.
  0.          0.          0.          0.          0.          0.
  0.          0.          0.          0.          0.          0.
  0.          0.          0.          0.          0.          0.
  0.          0.          0.          0.          0.          0.
  0.          0.          0.          0.          0.          0.
  0.          0.          0.          0.          0.          0.
  0.          0.          0.          0.          0.          0.
  0.          0.          0.          0.          0.          0.
  0.          0.          0.          0.          0.          0.
  0.          0.          0.          0.          0.          0.
  0.          0.          0.          0.          0.          0.
  0.          0.          0.          0.          0.          0.
  0.          0.          0.          0.          0.          0.
  0.          0.          0.          0.          0.          0.
  0.          0.          0.          0.          0.          0.
  0.          0.          0.          0.          0.          0.
  0.          0.          0.          0.          0.          0.
  0.          0.          0.          0.          0.          0.
  0.          0.          0.          0.          0.          0.
  0.          0.          0.          0.          0.          0.
  0.          0.          0.          0.          0.          0.
  0.          0.          0.          0.          0.          0.
  0.          0.          0.          0.          0.          0.
  0.          0.          0.          0.          0.          0.
  0.          0.          0.          0.          0.          0.
  0.          0.          0.          0.          0.          0.
  0.          0.          0.          0.          0.          0.
  0.          0.          0.          0.          0.          0.
  0.          0.          0.          0.          0.          0.
  0.          0.          0.          0.          0.          0.
  0.          0.          0.          0.          0.          0.
  0.          0.          0.          0.          0.          0.
  0.          0.          0.          0.          0.          0.
  0.          0.          0.          0.          0.         20.66029315
 22.8128358  20.64179242  0.         22.24372826 20.78170422 21.32235355
 22.53605553] 
snr_pink_per_transit : [nan nan nan  0. nan nan nan nan  0.  0.  0.  0.  0.  0.  0.  0.  0.  0.
  0.  0.  0.  0.  0.  0.  0.  0.  0.  0.  0.  0.  0.  0.  0.  0.  0.  0.
  0.  0.  0.  0.  0.  0.  0.  0.  0.  0.  0.  0.  0.  0.  0.  0.  0.  0.
  0.  0.  0.  0.  0.  0.  0.  0.  0.  0.  0.  0.  0.  0.  0.  0.  0.  0.
  0.  0.  0.  0.  0.  0.  0.  0.  0.  0.  0.  0.  0.  0.  0.  0.  0.  0.
  0.  0.  0.  0.  0.  0.  0.  0.  0.  0.  0.  0.  0.  0.  0.  0.  0.  0.
  0.  0.  0.  0.  0.  0.  0.  0.  0.  0.  0.  0.  0.  0.  0.  0.  0.  0.
  0.  0.  0.  0.  0.  0.  0.  0.  0.  0.  0.  0.  0.  0.  0.  0.  0.  0.
  0.  0.  0.  0.  0.  0.  0.  0.  0.  0.  0.  0.  0.  0.  0.  0.  0.  0.
  0.  0.  0.  0.  0.  0.  0.  0.  0.  0.  0.  0.  0.  0.  0.  0.  0.  0.
  0.  0.  0.  0.  0.  0.  0.  0.  0.  0.  0.  0.  0.  0.  0.  0.  0.  0.
  0.  0.  0.  0.  0.  0.  0.  0.  0.  0.  0.  0.  0.  0.  0.  0.  0.  0.
  0.  0.  0.  0.  0.  0.  0.  0.  0.  0.  0.  0.  0.  0.  0.  0.  0. nan
 nan nan  0. nan nan nan nan] 
odd_even_mismatch : 0.43276923191382943 
transit_times : [1440.1177355108953, 1443.2793387673112, 1446.440942023727, 1449.602545280143, 1452.7641485365589, 1455.9257517929748, 1459.0873550493907, 1462.2489583058066, 1465.4105615622225, 1468.5721648186384, 1471.7337680750543, 1474.8953713314702, 1478.056974587886, 1481.218577844302, 1484.380181100718, 1487.5417843571338, 1490.7033876135497, 1493.8649908699656, 1497.0265941263815, 1500.1881973827974, 1503.3498006392133, 1506.5114038956292, 1509.673007152045, 1512.834610408461, 1515.996213664877, 1519.1578169212928, 1522.3194201777087, 1525.4810234341246, 1528.6426266905405, 1531.8042299469564, 1534.9658332033723, 1538.1274364597882, 1541.2890397162041, 1544.45064297262, 1547.612246229036, 1550.7738494854518, 1553.9354527418677, 1557.0970559982836, 1560.2586592546995, 1563.4202625111154, 1566.5818657675313, 1569.7434690239472, 1572.9050722803631, 1576.066675536779, 1579.228278793195, 1582.3898820496108, 1585.5514853060267, 1588.7130885624426, 1591.8746918188585, 1595.0362950752744, 1598.1978983316903, 1601.3595015881062, 1604.5211048445221, 1607.682708100938, 1610.844311357354, 1614.0059146137698, 1617.1675178701857, 1620.3291211266016, 1623.4907243830176, 1626.6523276394335, 1629.8139308958494, 1632.9755341522653, 1636.1371374086812, 1639.298740665097, 1642.460343921513, 1645.6219471779289, 1648.7835504343448, 1651.9451536907607, 1655.1067569471766, 1658.2683602035925, 1661.4299634600084, 1664.5915667164243, 1667.7531699728402, 1670.914773229256, 1674.076376485672, 1677.2379797420879, 1680.3995829985038, 1683.5611862549197, 1686.7227895113356, 1689.8843927677515, 1693.0459960241674, 1696.2075992805833, 1699.3692025369992, 1702.530805793415, 1705.692409049831, 1708.854012306247, 1712.0156155626628, 1715.1772188190787, 1718.3388220754946, 1721.5004253319105, 1724.6620285883264, 1727.8236318447423, 1730.9852351011582, 1734.146838357574, 1737.30844161399, 1740.470044870406, 1743.6316481268218, 1746.7932513832377, 1749.9548546396536, 1753.1164578960695, 1756.2780611524854, 1759.4396644089013, 1762.6012676653172, 1765.762870921733, 1768.924474178149, 1772.086077434565, 1775.2476806909808, 1778.4092839473967, 1781.5708872038126, 1784.7324904602285, 1787.8940937166444, 1791.0556969730603, 1794.2173002294762, 1797.3789034858921, 1800.540506742308, 1803.702109998724, 1806.8637132551398, 1810.0253165115557, 1813.1869197679716, 1816.3485230243875, 1819.5101262808034, 1822.6717295372193, 1825.8333327936352, 1828.9949360500511, 1832.156539306467, 1835.318142562883, 1838.4797458192988, 1841.6413490757147, 1844.8029523321306, 1847.9645555885465, 1851.1261588449624, 1854.2877621013783, 1857.4493653577942, 1860.6109686142102, 1863.772571870626, 1866.934175127042, 1870.0957783834579, 1873.2573816398738, 1876.4189848962897, 1879.5805881527056, 1882.7421914091215, 1885.9037946655374, 1889.0653979219533, 1892.2270011783692, 1895.388604434785, 1898.550207691201, 1901.7118109476169, 1904.8734142040328, 1908.0350174604487, 1911.1966207168646, 1914.3582239732805, 1917.5198272296964, 1920.6814304861123, 1923.8430337425282, 1927.004636998944, 1930.16624025536, 1933.3278435117759, 1936.4894467681918, 1939.6510500246077, 1942.8126532810236, 1945.9742565374395, 1949.1358597938554, 1952.2974630502713, 1955.4590663066872, 1958.620669563103, 1961.782272819519, 1964.943876075935, 1968.1054793323508, 1971.2670825887667, 1974.4286858451826, 1977.5902891015985, 1980.7518923580144, 1983.9134956144303, 1987.0750988708462, 1990.236702127262, 1993.398305383678, 1996.559908640094, 1999.7215118965098, 2002.8831151529257, 2006.0447184093416, 2009.2063216657575, 2012.3679249221734, 2015.5295281785893, 2018.6911314350052, 2021.8527346914211, 2025.014337947837, 2028.175941204253, 2031.3375444606688, 2034.4991477170847, 2037.6607509735006, 2040.8223542299165, 2043.9839574863324, 2047.1455607427483, 2050.307163999164, 2053.4687672555797, 2056.6303705119954, 2059.791973768411, 2062.9535770248267, 2066.1151802812424, 2069.276783537658, 2072.4383867940737, 2075.5999900504894, 2078.761593306905, 2081.9231965633207, 2085.0847998197364, 2088.246403076152, 2091.4080063325678, 2094.5696095889834, 2097.731212845399, 2100.892816101815, 2104.0544193582305, 2107.216022614646, 2110.377625871062, 2113.5392291274775, 2116.700832383893, 2119.862435640309, 2123.0240388967245, 2126.18564215314, 2129.347245409556, 2132.5088486659715, 2135.670451922387, 2138.832055178803, 2141.9936584352185, 2145.155261691634, 2148.31686494805, 2151.4784682044656, 2154.6400714608812, 2157.801674717297, 2160.9632779737126, 2164.1248812301283, 2167.286484486544, 2170.4480877429596, 2173.6096909993753, 2176.771294255791, 2179.9328975122066, 2183.0945007686223, 2186.256104025038, 2189.4177072814537, 2192.5793105378693, 2195.740913794285, 2198.9025170507007] 
per_transit_count : [6. 5. 5. 0. 5. 5. 6. 5. 0. 0. 0. 0. 0. 0. 0. 0. 0. 0. 0. 0. 0. 0. 0. 0.
 0. 0. 0. 0. 0. 0. 0. 0. 0. 0. 0. 0. 0. 0. 0. 0. 0. 0. 0. 0. 0. 0. 0. 0.
 0. 0. 0. 0. 0. 0. 0. 0. 0. 0. 0. 0. 0. 0. 0. 0. 0. 0. 0. 0. 0. 0. 0. 0.
 0. 0. 0. 0. 0. 0. 0. 0. 0. 0. 0. 0. 0. 0. 0. 0. 0. 0. 0. 0. 0. 0. 0. 0.
 0. 0. 0. 0. 0. 0. 0. 0. 0. 0. 0. 0. 0. 0. 0. 0. 0. 0. 0. 0. 0. 0. 0. 0.
 0. 0. 0. 0. 0. 0. 0. 0. 0. 0. 0. 0. 0. 0. 0. 0. 0. 0. 0. 0. 0. 0. 0. 0.
 0. 0. 0. 0. 0. 0. 0. 0. 0. 0. 0. 0. 0. 0. 0. 0. 0. 0. 0. 0. 0. 0. 0. 0.
 0. 0. 0. 0. 0. 0. 0. 0. 0. 0. 0. 0. 0. 0. 0. 0. 0. 0. 0. 0. 0. 0. 0. 0.
 0. 0. 0. 0. 0. 0. 0. 0. 0. 0. 0. 0. 0. 0. 0. 0. 0. 0. 0. 0. 0. 0. 0. 0.
 0. 0. 0. 0. 0. 0. 0. 0. 0. 0. 0. 0. 0. 0. 0. 0. 0. 5. 6. 5. 0. 6. 5. 5.
 6.] 
transit_count : 241 
distinct_transit_count : 14 
empty_transit_count : 227 
FAP : 8.0032e-05 
in_transit_count : 75 
after_transit_count : 72 
before_transit_count : 75 
periods : [ 0.80002501  0.80005089  0.80007678 ... 99.96303837 99.97920873
 99.99538259] 
power : [ 0.16559091  0.11819384  0.0222417  ... -0.13344478 -0.13344478
 -0.13344478] 
power_raw : [ 0.00694639 -0.02881589 -0.10121419 ...  1.08709953  1.08709953
  1.08709953] 
SR : [0.16724021 0.16702623 0.16659304 ... 0.17370323 0.17370323 0.17370323] 
chi2 : [0.33200302 0.33242836 0.33329277 ... 0.31965009 0.31965009 0.31965009] 
chi2red : [1.05350961e-05 1.05485929e-05 1.05760223e-05 ... 1.01431139e-05
 1.01431139e-05 1.01431139e-05] 
model_lightcurve_time : [1438.54667688 1438.55154838 1438.55641988 ... 2199.62106325 2199.62593474
 2199.63080624] 
model_lightcurve_model : [1. 1. 1. ... 1. 1. 1.] 
model_folded_phase : [1.58639508e-05 4.75928590e-05 7.93217672e-05 ... 9.99952406e-01
 9.99984135e-01 1.00001586e+00] 
folded_y : [0.99923067 0.99986257 1.00022621 ... 1.00113042 1.0010692  0.9999576 ] 
folded_dy : [1.01919709 0.98367171 0.98317608 ... 0.98292108 0.98193918 1.01434102] 
folded_phase : [7.15961676e-07 4.27717735e-05 5.48363881e-05 ... 9.99903175e-01
 9.99903812e-01 9.99985067e-01] 
model_folded_model : [1. 1. 1. ... 1. 1. 1.] 
periodogram_fig : Figure(1200x800) 
model_fig : Figure(1200x800) 
FP : False 
oddeven_fig : Figure(1000x600) 
tdepths_fig : Figure(1000x800) 
ttv_fig : Figure(1000x800) 
ttv_data : [[0.00000000e+00 1.44012273e+03]
 [1.00000000e+00 1.44328430e+03]
 [2.00000000e+00 1.44644572e+03]
 [3.00000000e+00 1.44960750e+03]
 [4.00000000e+00 1.45276888e+03]
 [5.00000000e+00 1.45593070e+03]
 [6.00000000e+00 1.45909204e+03]
 [7.00000000e+00 1.46225383e+03]
 [2.33000000e+02 2.17676835e+03]
 [2.34000000e+02 2.17993023e+03]
 [2.35000000e+02 2.18309168e+03]
 [2.37000000e+02 2.18941438e+03]
 [2.38000000e+02 2.19257563e+03]
 [2.39000000e+02 2.19573787e+03]
 [2.40000000e+02 2.19889891e+03]] 
fit_results :                 median        lower        upper           (+)           (-)    units
$P$           3.161569     3.161568     3.161569  6.335263e-07  6.626998e-07        d
$T_0$      1440.122746  1440.122644  1440.122848  1.021130e-04  1.012597e-04        d
$r_p/R_*$     0.123943     0.123623     0.124245  3.202230e-04  3.016607e-04        -
$a/R_*$       8.192246     8.099267     8.295875  9.297931e-02  1.036284e-01        -
$b$           0.346449     0.311345     0.374449  3.510380e-02  2.800017e-02        -
$r_p$        14.840670    14.802328    14.876791  3.834270e-02  3.612009e-02  R_Earth
$r_p$         1.323998     1.320578     1.327221  3.420713e-03  3.222424e-03    R_Jup
$a$           0.041821     0.041347     0.042350  4.746597e-04  5.290232e-04       AU 
mcmc_fig : Figure(1200x1000) 
corner_fig : Figure(1180x1180) 
result_fig : Figure(1000x800) 
result_full_fig : Figure(1000x800) 

 LaTeX table : 
\begin{tabular}{lrrrrrl}
\toprule
{} &       median &        lower &        upper &           (+) &           (-) &    units \\
\midrule
\$P\$       &     3.161569 &     3.161568 &     3.161569 &  6.335263e-07 &  6.626998e-07 &        d \\
\$T\_0\$     &  1440.122746 &  1440.122644 &  1440.122848 &  1.021130e-04 &  1.012597e-04 &        d \\
\$r\_p/R\_*\$ &     0.123943 &     0.123623 &     0.124245 &  3.202230e-04 &  3.016607e-04 &        - \\
\$a/R\_*\$   &     8.192246 &     8.099267 &     8.295875 &  9.297931e-02 &  1.036284e-01 &        - \\
\$b\$       &     0.346449 &     0.311345 &     0.374449 &  3.510380e-02 &  2.800017e-02 &        - \\
\$r\_p\$     &    14.840670 &    14.802328 &    14.876791 &  3.834270e-02 &  3.612009e-02 &  R\_Earth \\
\$r\_p\$     &     1.323998 &     1.320578 &     1.327221 &  3.420713e-03 &  3.222424e-03 &    R\_Jup \\
\$a\$       &     0.041821 &     0.041347 &     0.042350 &  4.746597e-04 &  5.290232e-04 &       AU \\
\bottomrule
\end{tabular}
