# transit #, t0
0.000000000000000000e+00 1.440122733190417421e+03
1.000000000000000000e+00 1.443284301175738847e+03
2.000000000000000000e+00 1.446445722006117194e+03
3.000000000000000000e+00 1.449607498193038282e+03
4.000000000000000000e+00 1.452768882717642100e+03
5.000000000000000000e+00 1.455930695396504461e+03
6.000000000000000000e+00 1.459092044215648684e+03
7.000000000000000000e+00 1.462253832873908095e+03
2.330000000000000000e+02 2.176768353797534473e+03
2.340000000000000000e+02 2.179930229761616374e+03
2.350000000000000000e+02 2.183091681367827277e+03
2.370000000000000000e+02 2.189414384245290421e+03
2.380000000000000000e+02 2.192575630107335201e+03
2.390000000000000000e+02 2.195737874703434954e+03
2.400000000000000000e+02 2.198898906388205432e+03
